1 Brian_Orecchio
2 Paul_Orecchio 1 3 4 5 6 7 9 11 12 13 14 15 16 17 20 21 22 23 24 26 28 29 30 35 48 49 51 72 73 74 75 76 77 78 79 80 81 82 84 85 86 87 88 89 90 91 93 94 95 96 97 98 99 100 101 102 103 104 105 106 107 108 109 110 111 112 113 114 115 116 117 118 119 120 121 122 123 124 125 126 127 128 129 130 131 132 133 134 135 136 137 138 139 140 142 143 144 145 146
3 Paul_Dilandro 1 2 5 6 7 8 9 12 13 14 15 16 17 18 72 73 76 78 79 80 81 82 84 85 88 89 90 91 93 94 95 96 97 98 100 101 102 103 104 105 106 107 108 109 111 112 113 114 115 117 118 119 120 121 122 123 124 125 127 128 129 131 133 135 137 139 140 143 145 146
4 Nick_Helinski 1 2 6 7 8 9 10 11 83 88 77 94
5 Allen_Blair 1 2 3 6 9 12 13 14 15 17 18 110 
6 Ryan_Bacsik 1 2 3 4 5 7 9 145 12 14 16 
7 Will_Fales 1 2 3 4 96 6 8 9 10 11 12 13 14 15 16 17 18
8 Lachlan_Murphy 1 3 4 7 9 145 17 18 15
9 Connor_Chocheles 1 2 3 4 5 6 7 8 10 11 12 13 14 16 17 18 145
10 Jon_Yen 1 4 7 9 145 12 17 
11 Brian_Larkin 1 2 4 145 17 13 15 14 7 9 
12 David_Hey 1 2 3 5 6 7 10 11 13 14 16 17 18 145
13 Mike_Sarson 1 2 3 5 7 11 12 14 16 17 18 145
14 Grant_Foulsham 1 2 3 5 7 11 12 13 16 17 18 
15 Gary_DiNola 1 2 3 5 7 11 12 13 14 16 18 145
16 Brett_Overand 1 2 3 5 6 7 9 12 13 14 17 18 145
17 Emma_Albert 1 2 3 5 7 8 9 10 11 12 13 14 16 18 145
18 Eric_Bialek 1 3 5 7 8 9 10 11 12 13 14 15 16 17 18 145
19 Chris_Noble 1 20 22 24
20 Stephen_Prizant 1 2 19 21 22 23 24
21 Alan_Sze 1 2 19 22 23 24 
22 Ina_Duka 1 2 19 20 21 23 24 25 30 
23 Antonio_de_la_Serna 1 2 20 21 22 24 26 30
24 Wes_Uy 1 2 19 20 21 22 23 25 28 30 35
25 Kathyr_Ranger 1 22 24 26 30 31 50
26 Adam_Elbirt 1 2 51 27 29 30 25 32
27 Hung_Mai 1 26 
28 Brian_Nugent 1 2 24 30 
29 Scott_Lennox 1 2 26 32
30 Linda_Fuhrman 1 2 22 23 24 25 26 28 31 32 33 34 35 36 37 38 39 40 
31 Randall_Walker 1 25 30 39
32 Mike_Silvestro 30 26 29 33 40
33 Joe_Kochocki 1 30 32 40
34 Robert_Grace 1 
35 Robert_Parker 1 2 24 30 38 37 101
36 Leena_Singh 1 30 40 
37 John_Irvine 1 30 35 39 40 
38 Nirmal_Keshava 1 30 35 40
39 David_Floyd 1 30 31 37 40 
40 Mark_Abramson 1 50 30 32 33 36 37 38 39
41 David_Bradley 1 42
42 Alex_Kopp 1 41
43 Mimi_Theodore 1 2 44 45 46 
44 Ali_Theodore 1 2 43 45 46
45 Robert_Tobin 1 2 43 44 46 47
46 Zach_Hagopian 1 2 43 44 45 51
47 Ganesh_Chock 1 2 45
48 Erin_Nelson 1 2 
49 John_Swindlehurst 1 2 51
50 John_Danis 1 40 30 25
51 Dave_Orecchio 1 2 49 46 26 52 54
52 Bret_Siarkowski 1 51 52 54 55 56 57 58 59 60 61 64 66 68 69 70 
53 Saritha_Reddy 1 54 56 57 58 61 62 64 66 70
54 Matthew_Bellantoni 1 51 52 53 54 56 57 58 59 60 61 62 63 64 65 66 67 68 69 70
55 Priya_Balasubramanian 1 52 55 56 57 58 59 61 62 64 65 66 67 68 70
56 Stephen_Harrison 1 52 53 54 55 56 57 58 60 61 62 63 64 65 67 68 69 70 71
57 Andrew_Oun 1 52 53 54 55 56 57 58 59 60 61 62 63 64 65 66 67 68 69 70 71
58 Andrew_Gale 1 52 53 54 55 56 57 58 60 61 62 63 64 66 67 68 69 70
59 Keith_Savage 52 54 55 57 64 69 66
60 Christina_Chase 1 52 54 56 57 58 60 61 62 63 64 66 68 69 70
61 Mike_Gilmore 1 52 53 54 55 56 57 58 60 61 62 63 64 65 66 67 68 69 70 71
62 Gerry_Hussey 1 53 54 55 56 57 58 60 61 62 63 64 65 66 67 69 70 71
63 Waseem_Khan 1 54 56 57 58 60 61 62 63 64 65 66 67 68 69 70 71
64 Daniel_Shi 1 52 53 54 55 56 57 58 59 60 61 62 63 64 65 66 67 68 69 70 71
65 Matt_Bastress 1 55 62 63 54 56 57 61 64 70 
66 Mike_Roark 1 52 53 54 55 57 59 60 61 62 63 64 65 66 67 68 69 70
67 Carlos_Mederios 1 54 55 56 57 58 61 62 63 64 66 67 68 70 71
68 Jonathan_Abad 1 52 54 55 56 57 58 60 61 63 64 65 66 67 68 69 70 71
69 Greg_Sterling 1 52 54 55 56 57 58 59 60 61 62 63 64 66 68 69 70 71
70 Gerry_McGuire 1 52 53 54 55 56 57 58 60 61 62 63 64 65 66 67 68 69 70 71
71 Mike_Bishop 1 56 57 61 62 63 64 67 68 69
72 Rana_Hanocka 1 2 76 81 97 106 117
73 Parker_Sikand 1 2 3 84 82 78 90 91 107 111 113
74 Tim_Wronka 1 2 3 4 84 82 78 88 90 97 96 94 101 103 106 112 146
75 Sharon_Repine 1 2 76 77 100 115 98 113 103 87 90
76 Abby_Stein 1 2 3 72 75 77 100 97 87 103 95 105 108 
77 Meredith_Passaro 1 2 4 75 76 87 97 115 105 110 122
78 Craig_Hoffstein 1 2 3 73 74 81 91 86 88 96 97 105 106 107 103 115 116 118 140 112 126 111 110
79 Will_Schmitt 1 2 3 81 84 90 95 96 97 105 106 107 97 103 114 118 111 119 126 128 
80 Alex_Benjamin 1 2 3 91 105 107 96 103 97 111 112 119 116
81 Kevin_Paroulek 1 78 79 84 96 97 105 106 107 108 103 111 112 110 119 115 118 116
82 Greg_Rosen 1 73 74 96 97 103 105 106 115 112 119 120 146 122 
83 Lauren_Spinelli 1 4 88 89 93 94 95 105 103 104 110 111 118 101
84 Matt_Hanson 1 2 3 73 74 79 81 88 86  92 93 94 91 96 105 106 107 103 97 102 111 112 113 101 115 118 122 119 120 
85 Angela_Hubert 1 2 3 86 88 89 91 94 95 96 97 98 105 107 103 115 122 141
86 Alaina_Walag 1 2 88 89 84 85 78 87 90 93 94 96 97 103 105 106 108 104  115 119 121 146 125 134
87 Kristin_Bergner 1 2 75 76 77 91 88 89 86 96 105 106 107 103 98 115 146 120 132 124 
88 Jackie_Colarusso 1 2 3 4 74 78 82 83 84 85 86 87 88 89 91 94 95 96 97 98 101 102 103 105 106 107 110 111 114 115 118 119 120 121 122 123 124 125 128 131 132 133 134 135 136 137 146
89 Jeremie_Carlson 1 2 3 86 87 85 83 88 93 94 95 96 97 98 105 106 107 103 146 111 112 114 115 101 122 119 124 126 117 127 116 135 136 132
90 Nick_Martin 1 2 3 73 74 79 75 91 86 93 94 95 96 97 98 105 106 107 108 103 102 146 110 112 111 113 115 122 118 119 121 123 134 135 132 133 126 137
91 Eric_Conway 1 2 3  73 78 80 84 85 87 88 89 90 91 94 95 96 97 98 101 102 103 105 106 107 108 110 111 112 113 114 115 117 118 119 120 121 122 124 125 127 128 132 133 135 136 137 138 139
92 Aymen_Deliou 1 93 94 95 96 105 106 107 103 102 115 113 111 122 124 132 133
93 Kenton_Phillips 1 2 3 83 84 86 89 90 92 94 95 96 105 106 107 104 103 97 110 111 112 113 102 115 101 122 121 120 119 118 133 135 127 138 139 137 144
94 Garrett_Scheffler 1 2 3 4 73 74 83 84 85 86 88 89 90 91 92 93 94 95 96 97 98 102 103 104 105 106 107 108 111 112 113 114 115 116 117 119 120 122 123 124 125 126 127 128 129 130 131 132 133 134 135 137 138 139 143 144 146 
95 David_Polanco 1 2 3  76 79 83 85 89 90 92 93 94 95 96 97 101 102 103 105 106 107 110 111 112 113 114 115 117 118 119 120 121 122 123 124 125 126 127 131 132 133 134 135 136 137 138 139 143 144 146
96 Jeff_Finkel 1 2 3  74 75 78 79 80 81 82 83 84 85 86 87 88 89 90 91 92 93 94 95 96 97 98 99 101 102 103 104 105 106 107 108 109 110 111 112 113 114 115 116 117 118 119 120 121 122 123 124 125 126 127 128 129 130 131 132 133 134 135 136 137 138 139 140 143 144 146
97 Thomas_Perlman 1 2 3 74 75 76 77 78 79 80 81 82 83 84 85 86 87 88 89 90 91 93 94 95 96 97 98 99 100 101 102 103 105 106 107 108 109 110 111 112 113 114 115 116 117 118 119 120 121 122 123 124 125 126 127 128 129 130 131 132 133 134 135 136 137 138 139 140 142 143 144 145 146
98 Symona_Hannan 1 2 3 86 85 87 91 90 88 89 94 96 97 75 103 104 105 106 99 100 111 112 113 114 115 146 122 120 119 118 125 127 117 128 116 138 139 132 133 134 136 
99 Jim_Hanifan 1 2 96 105 107 103 97 98 102 115 122 135 132 127 117
100 Amelia_Folkins 1 2 3 75 76 105 103 97 98 122 124 126 114 117 116 128 139 
101 Brian_Lewis 1 2 3  74 83 84 85 87 88 89 90 91 93 94 95 96 97 98 101 102 103 104 105 106 107 109 110 111 112 113 114 115 116 117 118 119 120 121 122 124 125 126 127 128 130 132 133 135 137 138 139 140 142 143 144
102 Alex_Palkovic 1 2 3 84 92 93 94 95 97 98 99 101 103 104 105 106 107 109 146 112 111 113 115 122 121 123 125 127 128 127 131 133 129 130 138 139 143 144
103 Anthony_Loven 1 2 3 73 74 75 76 78 79 80 81 82 83 84 85 86 87 88 89 90 91 92 93 94 95 96 97 98 99 100 101 102 103 104 105 106 107 108 109 110 111 112 113 114 115 116 117 118 119 120 121 122 123 124 125 126 127 128 129 130 131 132 133 134 135 136 137 138 139 140 141 142 143 144 146
104 Daniel_Meteyer 1 2 3 83 86 93 94 96 103 98 102 115 105 106 107 110 111 112 122 119 127 129 135 136 142 138 117 139 132
105 Dave_Linehan 1 2 3 76 77 78 79 80 81 82 83 84 85 86 87 88 89 90 91 92 93 94 95 96 97 98 99 100 101 102 103 104 105 106 107 108 109 110 111 112 113 114 115 116 117 118 119 120 121 122 123 124 125 126 127 128 129 130 131 132 133 134 135 136 137 138 139 140 141 142 143 144 146
106 Thomas_Holland 1 2 3 72 74 78 79 81 82 84 85 86 87 88 89 90 91 92 93 94 95 96 97 98 101 102 103 104 105 106 107 108 109 110 111 112 113 114 115 116 117 118 119 120 121 122 123 124 125 126 127 128 129 130 131 132 133 134 135 136 137 138 139 140 144 146
107 Zack_Rajter 1 2 3 73 78 79 80 81 84 85 86 87 88 89 90 91 92 93 94 95 96 97 98 99 101 102 103 104 105 106 107 108 109 110 111 112 113 114 115 117 118 119 120 121 122 123 124 125 126 128 129 132 133 134 135 136 137 139 140 143 146
108 Lucas_Lis 1 2 3 76 81 90 86 94 96 91 97 103 105 106 107 109 146 110 112 115 122 123 135 124 125 126 132
109 Mike_Cronin 1 2 3 108 106 105 96 97 102 115 112 111 110 146 122 117 123 124 125 127 132
110 Cesar_Madrigal 1 2 88 83 81 78 77 90 91 96 95 92 108 105 106 107 104 103 97 98 101 112 111 146 109 122 121 119 117 126 127 123 133 135 132 129 136 144 140 131 137 
111 Bay_Phillips 1 2 3 73 78 79 80 81 83 84 86 88 89 90 91 92 93 94 95 96 97 98 101 102 103 104 105 106 107 109 110 111 112 113 114 115 116 117 118 119 120 121 122 123 124 125 126 127 128 129 130 131 132 133 134 135 136 137 138 139 140 141 142 143 144 146
112 Matt_Dykhouse 1 2 3 74 78 80 81 82 84 89 90 91 93 94 95 96 97 98 101 102 103 104 105 106 107 108 109 110 111 112 113 114 115 116 117 118 119 120 121 122 123 124 125 126 127 128 129 130 131 132 133 134 135 136 137 138 139 140 143 144 146
113 Milan_Kahanda 1 2 3 73 75 83 84 90 91 92 93 94 95 96 97 98 102 103 105 106 107 111 112 113 114 115 116 117 118 119 121 122 123 124 126 127 129 130 131 132 133 134 135 136 137 138 139 146
114 Grace_Fitzgerald 1 2 3 88 89 79 91 94 105 106 103 97 98 146 111 113 115 122 120 123 135 127 116 135 132 136 138 139
115 Ryan_Clapp 1 2 3 75 77 78 81 82 84 85 86 87 88 89 90 91 92 93 94 95 96 97 98 99 101 102 103 104 105 106 107 108 109 111 112 113 114 115 116 117 118 119 120 121 122 123 124 125 126 127 128 129 130 131 132 133 134 135 136 137 138 139 140 141 142 143 144 146
116 Meghan_Lenihan 1 2 78 80 81 89 96 97 98 100 101 102 103 104 105 106 111 112 113 114 115 116 117 118 119 121 122 126 128 130 132 133 135 137 138 139 140 141 142 143 144 145
117 Felix_Meissner 1 2 3 89 91 94 95 96 97 98 99 100 101 102 103 104 105 106 109 110 111 112 113 114 115 116 117 118 119 120 121 122 123 124 125 126 127 128 129 131 132 133 134 135 136 137 138 139 140 141 142 143 144 146
118 Marc_Nudel 1 2 78 79 81 83 84 88 89 90 91 93 94 95 96 97 98 101 103 104 105 106 107 111 112 113 115 116 117 118 119 122 123 124 126 127 128 129 132 133 135 137 138 139 140 142 144 146
119 Mike_Skrzypiec 1 2 3 78 79 80 81 82 84 86 88 89 90 91 93 94 95 96 97 98 101 103 104 105 106 107 110 111 112 113 114 115 116 117 118 119 120 121 122 125 126 127 129 131 132 133 134 135 136 137 138 139 140 141 142 143 144 146
120 Richardson_Rielly 1 2 3 84 82 87 88 91 92 93 94 95 96 97 98 107 105 103 146 111 112 114 115 101 121 119 117 123 124 125 127 130 134 135 136 132 138 139 143 144 
121 John_Kirby 1 2 3 86 90 93 95 96 97 102 103 105 106 107 110 111 112 113 115 101 119 120 122 123 124 125 127 116 117 135 140 133 137 143 144
122 Abder_Benghanem 1 2 3 77 82 84 85 88 89 90 91 92 93 94 95 96 97 98 99 100 101 102 103 104 105 106 107 108 109 110 111 112 113 114 115 116 117 118 119 120 121 123 124 125 126 127 128 129 130 131 132 133 134 135 136 137 138 139 140 141 142 143 144 146
123 Devin_Marr 1 2 3 88 90 94 95 96 97 102 103 105 106 107 108 109 110 111 112 113 114 115 117 118 120 121 122 124 125 127 128 139 138 137 136 135 134 133 132 130 144 143 142 146
124 Josh_Baumann 1 2 3 88 89 91 92 94 95 96 97 100 101 103 105 106 107 108 109 111 112 113 115 117 118 120 121 122 123 125 127 128 139 138 137 136 135 134 133 132 144 143 146
125 Mike_Suarez 1 2 3 88 86 91 94 96 97 98 102 103 105 107 108 109 111 112 114 115 117 119 120 121 122 123 124 126 127 137 135 134 133 132 143 142 141 146
126 Ray_Lutzky 1 2 78 79 89 90 94 96 97 100 101 103 105 106 107 108 110 111 112 113 115 116 117 118 119 122 125 127 128 139 137 136 135 134 133 132 144 143 146
127 Miguel_Rivera  1 2 3 89 90 91 93 94 95 96 97 98 99 101 102 103 104 105 106 109 110 111 112 113 114 115 117 118 119 120 121 122 123 124 125 126 128 129 130 131 132 133 134 135 136 137 138 139 140 141 142 143 144 146
128 Geoff_Seber 1 2 3  88 91 94 96 97 98 100 101 102 103 105 106 107 111 112 113 114 115 116 117 118 122 123 124 126 127 131 132 133 135 136 137 138 139 140 144
129 James_Cossavella 1 2 3 94 96 97 102 103 104 105 106 107 110 111 112 113 115 118 119 122 117 127 135 133 131 137 139 144 142 141 140
130 Tim_Mansfield 1 2 94 103 102 115 111 112 122 120 116 127 125 123 135 133 136 138 139
131 Jared_Marshall 1 2 3 88 94 96 97 102 103 105 106 110 111 112 115 119 117 146 122 124 127 128 129 135 134 133 132 131 139 144 142 137
132 Chris_Keenan  1 2 88 89 90 91 92 94 96 97 98 99 100 101 102 103 104 105 106 107 108 109 110 111 112 113 114 115 116 117 118 119 120 122 123 124 125 126 127 128 129 130 131 133 134 135 136 137 138 139 140 141 142 143 144 146
133 Nicholas_Chivattoni  1 2 3 88 90 92 93 94 96 97 98 101 102 103 105 106 107 110 111 112 113 115 116 117 118 119 121 122 123 124 125 126 127 128 129 130 131 132 134 135 136 137 138 139 140 141 142 143 144
134 Martin_Blatz  1 2 88 94 95 96 97 98 103 105 106 107 111 113 115 117 119 120 122 123 124 125 126 127 131 132 133 135 136 139 142 143 144 146
135 Stephen_Lazos 1 2 3 88 90 91 92 93 94 95 96 97 98 99 101 103 104 105 106 107 108 110 111 112 113 114 115 116 117 118 119 120 121 122 123 124 125 126 127 128 129 130 131 132 133 134 136 137 138 139 140 141 142 143 144 146
136 Daniel_Glavin 1 2 88 89 91 97 98 103 104 105 106 107 110 111 112 113 114 115 117 119 120 122 123 124 126 127 128 130 131 132 133 134 135 137 138 139 140 141 143 144 146
137 David_Drew 1 2 88 90 93 94 95 96 97 101 103 104 105 106 107 110 111 112 113 115 116 117 118 119 121 122 123 124 125 126 127 128 129 131 132 133 135 136 138 139 140 141 142 143 144
138 Thomas_Kujala 1 2 93 94 95 96 97 98 99 100 101 102 103 104 105 106 111 112 113 114 115 116 117 118 119 120 122 123 124 127 128 130 132 133 135 136 137 139 140 143 144
139 Adam_Gormley 1 2 3 91 93 94 95 96 97 98 100 101 102 103 104 105 106 107 111 112 113 114 115 116 117 118 119 120 122 123 124 125 126 127 128 129 130 131 132 133 134 135 136 137 138 140 143 144 146
140 James_Turk 1 2 3 78 96 97 98 101 103 105 106 107 110 111 112 113 114 115 116 117 118 119 121 122 126 127 128 129 131 132 133 135 136 137 138 139 140 142 143 144
141 C._Payne 1 85 105 103 115 146 111 119 117 129 116 133 132 136 142 143 125
142 Michael_Sanchez 1 2 101 103 104 105 110 111 115 116 117 118 119 120 122 123 125 127 129 131 132 133 134 135 137 140 141 142 143 144 145 146
143 Nick_Bourquard 1 2 3 94 95 96 97 100 101 102 103 104 105 107 111 112 115 116 117 119 120 121 122 123 124 125 126 127 132 133 134 135 136 137 138 139 140 141 142 143 144 145 146
144 Jonathan_Buckley 1 2 93 94 96 97 98 101 102 103 104 105 106 110 111 112 115 116 117 118 119 120 121 122 123 124 126 127 128 129 131 132 133 134 135 136 137 138 139 140 142 143 146
145 Carl_DiClementi 1 2 3 6 8 9 10 11 12 13 15 16 17 18
146 Dave_Wallack 1 2 74 85 86 82 87 88 89 90 93 94 95 96 97 98 102 103 104 105 106 107 108 109 110 111 112 113 114 115 117 119 120 121 122 123 124 125 126 127 131 132 134 135 136 139 141 142 143 144